     0/224     8.18G     0.088     1.094   0.04696     1.229       152       640         0         0         0         0    0.1098    0.2169   0.04697
     1/224     11.1G   0.09057    0.1027   0.04684    0.2401        95       640         0         0         0         0    0.1097    0.0447   0.04673
     2/224     11.1G   0.09065   0.02321   0.04659    0.1604       156       640 0.0002014   0.01282 1.749e-05 2.803e-06    0.1094   0.02778   0.04644
     3/224     11.1G   0.08978   0.01423   0.04625    0.1503       162       640  0.001499   0.00641 9.851e-05  2.07e-05    0.1071    0.0255   0.04603
     4/224     11.1G   0.08562   0.01263   0.04576     0.144        97       640   0.00945   0.03205  0.004718  0.000706    0.1043    0.0257    0.0455
     5/224     11.1G   0.07982   0.01186   0.04495    0.1366       114       640   0.08677   0.09039   0.06437    0.0123    0.1002   0.02242   0.04419
     6/224     11.1G   0.07421   0.01206   0.04289    0.1292       193       640    0.1109    0.1245   0.06557   0.02462   0.09317   0.02144   0.04138
     7/224     11.1G   0.06616   0.01234   0.03815    0.1167        98       640    0.1077    0.2058    0.1288   0.05327     0.087   0.01977   0.03651
     8/224     11.1G   0.06033   0.01259   0.03253    0.1055       138       640    0.6687    0.2108    0.1883   0.07723   0.08154   0.01865   0.03122
     9/224     11.1G   0.05474   0.01261   0.02836   0.09571       119       640    0.7065    0.2429    0.2349   0.09542   0.07949   0.01851   0.02863
    10/224     11.1G   0.05203   0.01268   0.02577   0.09047        94       640    0.7762    0.2921    0.3223      0.17    0.0712   0.01838    0.0259
    11/224     11.1G   0.04992   0.01292   0.02328   0.08611       170       640    0.8211    0.4116    0.4559    0.2216   0.06719    0.0177   0.02336
    12/224     11.1G   0.04969   0.01307   0.02166   0.08442       140       640    0.4893    0.3493    0.4054    0.1406   0.07136   0.01764   0.02143
    13/224     11.1G   0.05104   0.01294   0.02002     0.084        87       640    0.2875     0.577    0.4596    0.2135   0.06467    0.0187   0.02042
    14/224     11.1G   0.04869   0.01273   0.01817   0.07959        74       640    0.3233    0.5758     0.489    0.2107   0.06613   0.01808   0.01809
    15/224     11.1G   0.04881   0.01266   0.01639   0.07786       157       640     0.636     0.539    0.5783    0.2763   0.06135   0.01752   0.01676
    16/224     11.1G   0.04686   0.01323   0.01464   0.07473        75       640    0.3876    0.6638    0.5756    0.2171    0.0641   0.01722    0.0169
    17/224     11.1G   0.04633   0.01306   0.01342    0.0728        87       640     0.641    0.4647    0.5474    0.2333   0.06148   0.01756   0.01552
    18/224     11.1G   0.04302   0.01317   0.01261    0.0688        92       640    0.5972    0.6546      0.65    0.2725   0.06014   0.01672   0.01477
    19/224     11.1G   0.04253   0.01304   0.01134   0.06691        83       640    0.4032    0.8082    0.6936    0.2994   0.06339   0.01873    0.0141
    20/224     11.1G   0.04599   0.01289   0.01018   0.06906       114       640    0.8581    0.5624    0.6649    0.2842   0.06028   0.01784   0.01452
    21/224     11.1G   0.04601   0.01289  0.009322   0.06823        73       640    0.5239    0.8212    0.7681    0.3422   0.05885   0.01773   0.01282
    22/224     11.1G    0.0436   0.01232  0.008778    0.0647        44       640    0.5817    0.7982    0.7345    0.2993   0.06139   0.01781   0.01231
    23/224     11.1G   0.04335   0.01262  0.007275   0.06325       159       640    0.7136    0.8135    0.8324     0.401   0.06018   0.01813   0.01152
    24/224     11.1G   0.04362   0.01298  0.006798    0.0634       190       640    0.7826    0.8405    0.8502    0.3368      0.06   0.01761     0.011
    25/224     11.1G   0.04254   0.01258  0.005825   0.06095        98       640    0.8477    0.8358    0.8887    0.4595   0.05504    0.0176   0.01129
    26/224     11.1G   0.04062   0.01241  0.005008   0.05804       140       640    0.8604    0.8486    0.8669    0.3827   0.05638   0.01781   0.01068
    27/224     11.1G   0.03965   0.01285  0.004754   0.05725        39       640    0.8313     0.901    0.9066    0.4639    0.0523   0.01792  0.009361
    28/224     11.1G   0.04047   0.01254  0.003819   0.05683       196       640     0.855    0.8947    0.9182     0.515   0.04878   0.01806  0.008933
    29/224     11.1G   0.03952   0.01221  0.003679   0.05541        98       640     0.911    0.9319     0.941    0.5456   0.04974   0.01751  0.008859
    30/224     11.1G   0.03815    0.0122  0.003429   0.05378       121       640    0.9173    0.9098    0.9293    0.5392   0.04858   0.01784  0.008505
    31/224     11.1G   0.03723    0.0118  0.003372   0.05239       161       640    0.9155    0.9318    0.9457    0.5541   0.04811   0.01732  0.008901
    32/224     11.1G   0.03667   0.01175  0.003096   0.05151       156       640    0.9057    0.9238    0.9341    0.5597   0.04753   0.01689   0.00969
    33/224     11.1G   0.03718   0.01149   0.00294   0.05161        89       640    0.8924    0.9351    0.9275    0.4491   0.05038   0.01745  0.009169
    34/224     11.1G    0.0369   0.01188  0.003005   0.05178       129       640    0.9016    0.8911    0.9076    0.4442    0.0486   0.01693  0.007992
    35/224     11.1G   0.03628   0.01143  0.002923   0.05064        72       640    0.9308    0.9341    0.9462    0.5778   0.04518   0.01735  0.007616
    36/224     11.1G   0.03573   0.01107  0.002635   0.04943        70       640    0.9275    0.9179    0.9331    0.4867   0.04514   0.01676  0.007641
    37/224     11.1G   0.03521   0.01215  0.002638      0.05       145       640    0.8922    0.9138    0.9225    0.4956   0.04459   0.01683  0.007872
    38/224     11.1G    0.0344   0.01177    0.0023   0.04847       103       640     0.889    0.9567    0.9469    0.5757   0.04218   0.01647  0.007699
    39/224     11.1G   0.03402   0.01143  0.002386   0.04783        78       640    0.9402    0.9178    0.9363      0.58   0.04236   0.01646  0.007909
    40/224     11.1G   0.03466   0.01111  0.002245   0.04801        95       640    0.9362     0.947    0.9521    0.6071    0.0394   0.01615  0.007932
    41/224     11.1G   0.03465   0.01137  0.002295   0.04831       100       640    0.9081    0.9089    0.9278    0.5509   0.04478   0.01596   0.00895
    42/224     11.1G   0.03375    0.0118  0.002399   0.04795       129       640    0.9348     0.907    0.9405    0.5997    0.0412   0.01666  0.009527
    43/224     11.1G   0.03336   0.01154  0.002013   0.04692       134       640    0.9076    0.9405    0.9444    0.5054   0.04681   0.01657  0.008995
    44/224     11.1G   0.03444   0.01173  0.002021    0.0482        76       640    0.9397    0.9408    0.9526    0.6211   0.04024    0.0158  0.008388
    45/224     11.1G   0.03246   0.01111  0.002179   0.04575       121       640    0.9244    0.9399    0.9431     0.557   0.04156   0.01576  0.007846
    46/224     11.1G   0.03217   0.01137  0.001847   0.04539       110       640    0.9371    0.9192    0.9469    0.5822   0.04101   0.01687  0.008507
    47/224     11.1G    0.0323   0.01101  0.001931   0.04524       128       640    0.9223    0.9535    0.9435    0.5582   0.04508   0.01572  0.008151
    48/224     11.1G   0.03274   0.01096  0.001888   0.04558       132       640    0.9486    0.9292    0.9533    0.5984   0.03937    0.0155  0.007622
    49/224     11.1G   0.03229   0.01073  0.002001   0.04502        71       640    0.9369    0.9431    0.9441    0.5697   0.04181   0.01679  0.007744
    50/224     11.1G   0.03186    0.0111  0.001741   0.04471       112       640    0.9354    0.9596    0.9509    0.5477    0.0432   0.01645   0.00827
    51/224     11.1G   0.03166   0.01083  0.001876   0.04436        93       640    0.9349     0.953    0.9612    0.6128    0.0401   0.01584  0.007833
    52/224     11.1G   0.03222    0.0108  0.001616   0.04464       119       640    0.9221    0.9475    0.9476    0.5965   0.04041   0.01644  0.007991
    53/224     11.1G   0.03221   0.01093  0.001856   0.04499       123       640    0.9466    0.9428    0.9507    0.6413   0.03752   0.01609  0.007808
    54/224     11.1G   0.03088   0.01052  0.001714   0.04311       113       640    0.9503    0.9296    0.9498    0.5806   0.04205   0.01602  0.007217
    55/224     11.1G   0.03066    0.0115  0.001664   0.04382       112       640    0.9413    0.9437    0.9606    0.6009   0.03944   0.01528  0.006889
    56/224     11.1G   0.03187   0.01065  0.001771   0.04429       132       640    0.9552    0.9614    0.9664    0.6195   0.04135   0.01511  0.006958
    57/224     11.1G   0.03125   0.01124  0.001551   0.04403       134       640    0.9468    0.9254    0.9452    0.5787   0.04207   0.01654  0.007462
    58/224     11.1G   0.03028   0.01092  0.001612   0.04281       153       640    0.9278    0.9653    0.9551    0.6301   0.03798    0.0151  0.007562
    59/224     11.1G   0.03016    0.0106    0.0015   0.04226        94       640    0.9589    0.9503    0.9576    0.6583   0.03752   0.01483   0.00757
    60/224     11.1G   0.03103   0.01102  0.001594   0.04365       149       640    0.9545    0.9536    0.9556    0.6026   0.03851   0.01537   0.00718
    61/224     11.1G   0.03014   0.01117  0.001652   0.04297       178       640    0.9445    0.9589    0.9529    0.5926   0.04075   0.01489  0.007717
    62/224     11.1G   0.03008   0.01079  0.001862   0.04274        80       640    0.9364     0.945    0.9577    0.5761   0.04137   0.01524  0.007074
    63/224     11.1G   0.02952    0.0103  0.001556   0.04138        89       640    0.9437    0.9574    0.9576    0.6089    0.0396   0.01589  0.007253
    64/224     11.1G   0.02951   0.01053  0.001417   0.04145       136       640    0.9475    0.9329    0.9551    0.6181    0.0374   0.01578  0.006938
    65/224     11.1G   0.02907   0.01051  0.001497   0.04108       126       640    0.9602    0.9344    0.9562    0.6535   0.03887   0.01556  0.006871
    66/224     11.1G   0.02929   0.01094  0.001658   0.04189        61       640    0.9342    0.9675    0.9562    0.6032   0.03866   0.01545  0.007044
    67/224     11.1G   0.02854   0.01033  0.001316   0.04019       183       640    0.9557    0.9626    0.9563    0.6672   0.03625   0.01553  0.007161
    68/224     11.1G   0.02919   0.01043  0.001363   0.04099       107       640    0.9573    0.9398    0.9536    0.6136   0.03885   0.01676    0.0073
    69/224     11.1G   0.02902   0.01011  0.001329   0.04045       126       640    0.9608    0.9538    0.9519    0.6177   0.03786   0.01571  0.007507
    70/224     11.1G   0.02926   0.01031  0.001416   0.04099       115       640    0.9691    0.9339    0.9603    0.6451   0.03868    0.0161  0.007874
    71/224     11.1G   0.02948    0.0104  0.001408   0.04128       146       640    0.9568      0.95    0.9584    0.6061   0.03938   0.01558  0.008518
    72/224     11.1G   0.02898   0.01068  0.001312   0.04098       109       640    0.9469    0.9586     0.958    0.6178   0.03673   0.01527  0.006885
    73/224     11.1G   0.02911    0.0108   0.00144   0.04135       145       640    0.9484    0.9703    0.9644    0.6383   0.03723   0.01526  0.007238
    74/224     11.1G   0.02835   0.01102  0.001286   0.04066       138       640    0.9456    0.9481    0.9525    0.6478   0.03771   0.01564  0.007916
    75/224     11.1G    0.0275  0.009851  0.001231   0.03859       194       640    0.9428    0.9645    0.9633    0.6581    0.0371   0.01527  0.007809
    76/224     11.1G   0.02799   0.01029  0.001222   0.03951        95       640    0.9402    0.9651    0.9585    0.6314   0.03736   0.01554  0.007139
    77/224     11.1G   0.02704  0.009877  0.001214   0.03813        95       640    0.9494    0.9569    0.9578     0.656   0.03739   0.01489  0.007486
    78/224     11.1G   0.02835   0.00985    0.0012    0.0394       112       640    0.9338    0.9196    0.9409    0.6216   0.03678   0.01509  0.008047
    79/224     11.1G   0.02791   0.01038  0.001056   0.03935       165       640    0.9408    0.9641    0.9587    0.5858   0.03931    0.0154  0.008271
    80/224     11.1G   0.02821   0.01051  0.001246   0.03996       119       640    0.9406    0.9587    0.9458    0.6549   0.03716   0.01561   0.00958
    81/224     11.1G   0.02827   0.01027   0.00133   0.03987        61       640    0.9277    0.9723     0.964    0.6292   0.03919   0.01467   0.00825
    82/224     11.1G   0.02786   0.01016  0.001131   0.03915        66       640     0.962    0.9404     0.961    0.6096   0.04051   0.01527  0.009353
    83/224     11.1G   0.02679   0.01024   0.00138   0.03841        83       640    0.9417    0.9629     0.954    0.6174   0.03793   0.01548  0.008768
    84/224     11.1G   0.02722    0.0096  0.001265   0.03808        97       640    0.9435    0.9587     0.955    0.6155   0.03892   0.01536  0.008309
    85/224     11.1G   0.02714   0.01043  0.001198   0.03878       121       640    0.9511    0.9697    0.9611    0.6397   0.03777   0.01458  0.007715
    86/224     11.1G   0.02735  0.009559  0.001276   0.03818       116       640     0.942    0.9623    0.9583    0.5923   0.03837   0.01581  0.007717
    87/224     11.1G   0.02735   0.01039  0.001296   0.03904       128       640     0.949    0.9657    0.9609     0.669    0.0347   0.01477  0.007124
    88/224     11.1G   0.02635   0.01029  0.001056    0.0377       122       640    0.9648    0.9611     0.967    0.6626   0.03437   0.01435  0.006778
    89/224     11.1G   0.02711  0.009663  0.001165   0.03794        89       640    0.9496     0.952    0.9584     0.642   0.03498   0.01458  0.007116
    90/224     11.1G   0.02636      0.01  0.001127   0.03748       111       640    0.9406    0.9616    0.9625    0.6351   0.03635   0.01558   0.00801
    91/224     11.1G    0.0263  0.009995  0.001124   0.03742        93       640    0.9476    0.9556    0.9648    0.6413   0.03642   0.01602  0.007866
    92/224     11.1G   0.02697   0.01003  0.001128   0.03812       179       640    0.9413    0.9593    0.9582    0.6626   0.03486   0.01506  0.008666
    93/224     11.1G    0.0269   0.01071  0.001126   0.03873       187       640    0.9735    0.9556    0.9664    0.6813   0.03471   0.01479  0.008769
    94/224     11.1G   0.02693   0.01004  0.001201   0.03816       141       640    0.9556    0.9632    0.9646    0.6563   0.03589   0.01521  0.008233
    95/224     11.1G   0.02612  0.009762  0.001131   0.03701        75       640    0.9603    0.9478    0.9611    0.6671   0.03447   0.01553  0.007356
    96/224     11.1G   0.02676   0.01009   0.00116   0.03801       108       640    0.9625    0.9485    0.9572    0.6406   0.03444   0.01532  0.007289
    97/224     11.1G   0.02602  0.009828  0.001023   0.03687        85       640    0.9592    0.9571    0.9606    0.6652   0.03455    0.0154  0.007242
    98/224     11.1G   0.02591  0.009838 0.0009797   0.03673       117       640    0.9654     0.955    0.9609    0.6488    0.0356   0.01562  0.007402
    99/224     11.1G   0.02564   0.01021   0.00114   0.03699       116       640    0.9711    0.9505    0.9679    0.6531     0.036   0.01536  0.007017
   100/224     11.1G    0.0258   0.01017  0.001064   0.03703       142       640    0.9691    0.9501    0.9654    0.6651   0.03556   0.01501  0.008171
   101/224     11.1G    0.0264   0.01032  0.001096   0.03782       194       640     0.944    0.9577    0.9594    0.6629   0.03621   0.01558  0.008583
   102/224     11.1G   0.02607   0.00988  0.001077   0.03702       135       640    0.9584    0.9538    0.9648    0.6773   0.03499   0.01495  0.007497
   103/224     11.1G   0.02549   0.00963  0.001015   0.03614       100       640    0.9637    0.9583    0.9642    0.6556   0.03619   0.01528  0.007949
   104/224     11.1G    0.0256  0.009882  0.001061   0.03654       169       640    0.9642    0.9585    0.9657    0.6467   0.03505   0.01458  0.007624
   105/224     11.1G    0.0259  0.009229   0.00097    0.0361        81       640    0.9663    0.9464    0.9669    0.6679   0.03545   0.01512  0.008307
   106/224     11.1G   0.02573  0.009626  0.001092   0.03645       148       640    0.9518    0.9471    0.9594    0.6257   0.03696   0.01514  0.008606
   107/224     11.1G    0.0253  0.009911  0.001056   0.03627       127       640    0.9492    0.9463    0.9598    0.6662   0.03526   0.01555   0.00857
   108/224     11.1G   0.02546  0.009965  0.001068    0.0365       100       640    0.9568    0.9706    0.9593    0.6564    0.0342    0.0151  0.007669
   109/224     11.1G   0.02498   0.01041  0.001081   0.03647       135       640    0.9588    0.9658     0.966    0.6748   0.03529   0.01519  0.007902
   110/224     11.1G   0.02509  0.009639 0.0009937   0.03573       106       640    0.9702    0.9522    0.9641     0.678   0.03357   0.01481  0.006953
   111/224     11.1G    0.0249  0.009518 0.0009642   0.03539       146       640    0.9667    0.9557    0.9628    0.6398   0.03416   0.01463  0.006599
   112/224     11.1G   0.02491  0.009969 0.0008765   0.03576       100       640     0.952    0.9583    0.9603    0.6833    0.0326   0.01438  0.006663
   113/224     11.1G   0.02496  0.009919  0.001015   0.03589       161       640    0.9647    0.9519    0.9642    0.6711   0.03446   0.01462  0.007308
   114/224     11.1G   0.02401  0.009882 0.0008625   0.03476       112       640    0.9694    0.9513    0.9667    0.6686   0.03561   0.01458  0.008429
   115/224     11.1G   0.02428  0.009918 0.0009824   0.03518        97       640    0.9582    0.9503    0.9653    0.6595   0.03541   0.01458  0.008013
   116/224     11.1G   0.02426   0.00975 0.0008931   0.03491       102       640    0.9428    0.9639    0.9629    0.6693   0.03344     0.015   0.00704
   117/224     11.1G   0.02438   0.00924  0.000759   0.03438        85       640    0.9566    0.9421    0.9618    0.6754   0.03371   0.01517  0.007363
   118/224     11.1G   0.02433  0.009305 0.0008616    0.0345       132       640    0.9649    0.9187    0.9573    0.6496   0.03378   0.01537  0.007071
   119/224     11.1G   0.02507    0.0098  0.001114   0.03599       123       640    0.9658    0.9587    0.9699    0.6398   0.03588   0.01519  0.007612
   120/224     11.1G   0.02473   0.01024  0.001077   0.03605       179       640    0.9593    0.9585    0.9632    0.6502   0.03506   0.01432  0.007351
   121/224     11.1G    0.0244  0.009554   0.00105     0.035       159       640    0.9539     0.969    0.9671    0.6835   0.03399    0.0139  0.007158
   122/224     11.1G   0.02375  0.009494 0.0008735   0.03412        93       640    0.9568    0.9607     0.963    0.6774   0.03386   0.01434  0.006788
   123/224     11.1G   0.02458  0.009607 0.0008601   0.03505       136       640    0.9652    0.9607    0.9647     0.674   0.03401   0.01441  0.007301
   124/224     11.1G   0.02366  0.009317 0.0008202    0.0338       173       640    0.9606    0.9635    0.9641    0.6751    0.0341   0.01455  0.008246
   125/224     11.1G   0.02448  0.009507 0.0009373   0.03492       105       640    0.9588    0.9682    0.9624    0.6518   0.03555   0.01469  0.008714
   126/224     11.1G   0.02406  0.009503 0.0007893   0.03435       138       640    0.9595    0.9635    0.9631    0.6764   0.03269   0.01472  0.007837
   127/224     11.1G    0.0242   0.00964 0.0009806   0.03482       130       640    0.9631    0.9667    0.9644    0.6678   0.03478   0.01505  0.009237
   128/224     11.1G   0.02341  0.009513 0.0008542   0.03378       190       640    0.9588    0.9686    0.9689    0.6849   0.03297    0.0146  0.007439
   129/224     11.1G   0.02399   0.01001 0.0009763   0.03497       182       640    0.9639    0.9623    0.9707    0.6804   0.03336   0.01498  0.007945
   130/224     11.1G   0.02429   0.01004  0.000967    0.0353        81       640    0.9644    0.9626    0.9646    0.6822   0.03379   0.01535  0.008684
   131/224     11.1G    0.0236  0.009339 0.0007984   0.03374       156       640    0.9632    0.9595    0.9644    0.6708   0.03458   0.01515  0.008662
   132/224     11.1G   0.02345   0.01021 0.0007899   0.03445       115       640    0.9537    0.9745    0.9652    0.6837   0.03295   0.01509  0.007734
   133/224     11.1G   0.02316   0.00964 0.0008307   0.03363       139       640    0.9592    0.9653    0.9644    0.6792   0.03314   0.01461  0.007698
   134/224     11.1G   0.02334  0.009392 0.0008122   0.03354       150       640    0.9651    0.9594    0.9669    0.6863   0.03294   0.01437  0.007715
   135/224     11.1G   0.02369  0.009469 0.0009014   0.03407        76       640    0.9648    0.9663    0.9666    0.6735   0.03351   0.01491  0.008704
   136/224     11.1G   0.02347  0.009341 0.0009122   0.03372       100       640    0.9714    0.9684    0.9654    0.6592   0.03431   0.01529  0.009845
   137/224     11.1G   0.02338   0.01014 0.0008112   0.03432       200       640    0.9721    0.9651    0.9684    0.6736   0.03319   0.01521  0.009382
   138/224     11.1G   0.02392  0.009677  0.001001    0.0346       144       640    0.9688    0.9598    0.9643    0.6782   0.03471   0.01549   0.01031
   139/224     11.1G    0.0232  0.009633 0.0009314   0.03377       123       640    0.9596    0.9734    0.9673      0.68   0.03381   0.01491  0.009851
   140/224     11.1G   0.02292  0.009493 0.0007396   0.03316       161       640    0.9648    0.9596    0.9668    0.6802   0.03343   0.01505   0.01005
   141/224     11.1G   0.02294  0.009313 0.0008071   0.03306       160       640    0.9637    0.9671     0.963    0.6692   0.03345   0.01475   0.01028
   142/224     11.1G   0.02258  0.009124 0.0007251   0.03243        81       640    0.9693    0.9659    0.9628    0.6504   0.03389   0.01494   0.01023
   143/224     11.1G   0.02283  0.009388 0.0007787   0.03299       150       640    0.9726    0.9569    0.9616    0.6694   0.03245   0.01459  0.009318
   144/224     11.1G   0.02289  0.009489 0.0009498   0.03333        56       640    0.9647    0.9664    0.9674    0.6793   0.03129   0.01417  0.008068
   145/224     11.1G     0.023  0.009425 0.0008736    0.0333        86       640    0.9731    0.9621    0.9632    0.6823   0.03158   0.01425  0.008416
   146/224     11.1G   0.02309  0.009517 0.0007513   0.03336       122       640    0.9707    0.9638    0.9682    0.6896   0.03147   0.01478  0.008974
   147/224     11.1G   0.02267  0.009482 0.0007718   0.03292       191       640    0.9683    0.9648    0.9646    0.6778   0.03225    0.0148  0.009015
   148/224     11.1G   0.02284  0.009427 0.0008705   0.03314       134       640    0.9715    0.9634    0.9631    0.6801   0.03032   0.01458  0.007702
   149/224     11.1G   0.02259  0.009377 0.0007553   0.03272        55       640    0.9641    0.9663    0.9663    0.6895   0.02943   0.01471  0.007681
   150/224     11.1G   0.02206  0.008961 0.0006772    0.0317        79       640    0.9628    0.9642    0.9691    0.6875   0.03038   0.01463  0.007925
   151/224     11.1G   0.02191  0.009248 0.0006995   0.03186       189       640    0.9722    0.9591     0.963    0.6928   0.02995   0.01446  0.008549
   152/224     11.1G   0.02192  0.009432 0.0007996   0.03215        60       640    0.9715    0.9651    0.9665    0.6823   0.02986   0.01446  0.007998
   153/224     11.1G   0.02218  0.009377 0.0007648   0.03232       134       640    0.9685    0.9684    0.9652    0.6815   0.03046   0.01449  0.008449
   154/224     11.1G   0.02217  0.009312 0.0007522   0.03223       136       640    0.9608    0.9619    0.9672    0.6974   0.03066    0.0151  0.008794
   155/224     11.1G    0.0221  0.009546 0.0008203   0.03247       204       640    0.9637    0.9672    0.9652    0.6783   0.03096   0.01484  0.009121
   156/224     11.1G   0.02196   0.00887 0.0006696    0.0315        76       640    0.9626    0.9658     0.967    0.6889   0.03034   0.01433  0.008613
   157/224     11.1G   0.02204  0.009557 0.0007764   0.03238       166       640    0.9671    0.9665    0.9664    0.6853   0.03124   0.01442  0.008958
   158/224     11.1G   0.02185  0.009243 0.0005832   0.03167       116       640    0.9541    0.9754    0.9645    0.6772   0.03144   0.01442  0.009798
   159/224     11.1G   0.02216  0.009458 0.0007186   0.03234       153       640    0.9714    0.9597     0.963    0.6795   0.03154   0.01431   0.01048
   160/224     11.1G   0.02174  0.009414 0.0008002   0.03196       117       640    0.9586    0.9701    0.9652    0.6861   0.03172   0.01469   0.01066
   161/224     11.1G   0.02124  0.009247 0.0006864   0.03117       121       640    0.9662    0.9657     0.967    0.6911   0.03159   0.01462    0.0103
   162/224     11.1G   0.02154  0.009389 0.0006707    0.0316        94       640    0.9701     0.964    0.9643    0.6938   0.02987    0.0143  0.009817
   163/224     11.1G   0.02136   0.00926 0.0007051   0.03132       150       640    0.9717    0.9645    0.9696    0.6991    0.0301   0.01384   0.00983
   164/224     11.1G   0.02156  0.008789 0.0006448     0.031       121       640    0.9724    0.9653     0.964    0.6702   0.03073    0.0147   0.01015
   165/224     11.1G   0.02147  0.008734 0.0005862   0.03079        97       640    0.9722    0.9639    0.9622    0.6632   0.03132   0.01502   0.01039
   166/224     11.1G   0.02151  0.008906 0.0006463   0.03106       105       640    0.9668    0.9666    0.9622    0.6821   0.03027   0.01438   0.01007
   167/224     11.1G   0.02115   0.00925 0.0006298   0.03103       139       640    0.9707    0.9671    0.9632    0.6873   0.03035   0.01451    0.0103
   168/224     11.1G   0.02109  0.008513 0.0006267   0.03023        77       640    0.9682    0.9606     0.962    0.6732   0.03082    0.0151   0.01043
   169/224     11.1G   0.02107  0.009591 0.0007913   0.03145       142       640    0.9658    0.9641    0.9646    0.6719    0.0312   0.01455   0.01034
   170/224     11.1G   0.02099  0.008898 0.0006436   0.03053       179       640    0.9658    0.9656     0.965    0.6799   0.03105   0.01419   0.01062
   171/224     11.1G   0.02137  0.009217 0.0007314   0.03132        52       640    0.9616    0.9667    0.9646    0.6749   0.03162    0.0143   0.01116
   172/224     11.1G   0.02127    0.0092 0.0006778   0.03115       105       640    0.9679    0.9658     0.965    0.6789   0.03115    0.0146   0.01123
   173/224     11.1G   0.02063   0.00925 0.0007982   0.03068       179       640    0.9679    0.9648    0.9657    0.6944   0.03037   0.01445   0.01144
   174/224     11.1G   0.02092  0.009393 0.0006243   0.03094        76       640    0.9698    0.9625    0.9649    0.7059   0.03021   0.01411   0.01173
   175/224     11.1G   0.02118  0.009628 0.0006169   0.03143       132       640    0.9676    0.9671    0.9645    0.6786   0.03047   0.01404   0.01164
   176/224     11.1G   0.02088  0.009068  0.000642   0.03059       106       640    0.9682    0.9632    0.9677    0.6988   0.02979   0.01397   0.01129
   177/224     11.1G   0.02085  0.009021 0.0007226    0.0306        98       640    0.9628    0.9684    0.9681    0.6952   0.02983   0.01399    0.0112
   178/224     11.1G   0.02083  0.009441 0.0006432   0.03091       172       640    0.9689    0.9668    0.9696    0.6936   0.03015   0.01415   0.01134
   179/224     11.1G   0.02101  0.009634 0.0007191   0.03137        69       640    0.9715    0.9632    0.9695    0.6917   0.02988   0.01408   0.01116
   180/224     11.1G   0.02074    0.0094 0.0007271   0.03087       127       640    0.9681    0.9658    0.9661    0.6975   0.02961   0.01419    0.0108
   181/224     11.1G   0.02106  0.008544   0.00061   0.03021       147       640    0.9735    0.9609    0.9662    0.6902   0.02995   0.01475   0.01114
   182/224     11.1G   0.02073   0.00865 0.0006337   0.03002        80       640    0.9732    0.9631    0.9653    0.6907   0.03033   0.01489    0.0113
   183/224     11.1G   0.02092  0.009332 0.0006642   0.03091       122       640    0.9729    0.9645    0.9674    0.6973   0.03025   0.01472   0.01166
   184/224     11.1G   0.02083  0.008984  0.000737   0.03055       120       640     0.974    0.9619    0.9661    0.6897   0.03022   0.01488   0.01158
   185/224     11.1G   0.02026  0.008813 0.0005978   0.02967       105       640    0.9682    0.9668    0.9667    0.7038   0.03012   0.01459   0.01137
   186/224     11.1G   0.02119  0.008932 0.0006642   0.03079       145       640    0.9674    0.9645    0.9659    0.7047   0.02907   0.01414   0.01086
   187/224     11.1G   0.02072  0.009418 0.0007024   0.03084        85       640    0.9697    0.9632     0.967    0.6932   0.02909   0.01439   0.01054
   188/224     11.1G   0.02078  0.009432 0.0006405   0.03086       202       640      0.97     0.967    0.9672    0.6834   0.02918   0.01436   0.01078
   189/224     11.1G   0.02053  0.009411 0.0006515   0.03059       206       640    0.9737    0.9645    0.9683    0.6943   0.02925   0.01402   0.01065
   190/224     11.1G    0.0205  0.009048  0.000645   0.03019       128       640    0.9688    0.9645    0.9658    0.6851    0.0298   0.01441   0.01063
   191/224     11.1G    0.0207   0.00915 0.0006929   0.03054       135       640     0.974    0.9633    0.9669    0.6943   0.03001   0.01449   0.01102
   192/224     11.1G   0.02073  0.009358 0.0005606   0.03065       152       640    0.9664    0.9673    0.9678    0.6978   0.02993    0.0144   0.01093
   193/224     11.1G   0.02027  0.008952 0.0006139   0.02984       171       640    0.9611    0.9711    0.9682    0.7049   0.02993   0.01403   0.01093
   194/224     11.1G   0.02033  0.008985 0.0005204   0.02984        76       640    0.9719    0.9556    0.9686    0.7102   0.02967   0.01395   0.01075
   195/224     11.1G   0.02042  0.008936 0.0006264   0.02998       161       640    0.9703    0.9574    0.9685    0.7057   0.02921   0.01387   0.01067
   196/224     11.1G   0.02024  0.008455 0.0005474   0.02924       121       640    0.9701    0.9658    0.9685    0.7011   0.02992   0.01402   0.01105
   197/224     11.1G   0.02021  0.009183 0.0005307   0.02993       128       640    0.9651    0.9645    0.9682    0.7032   0.02969   0.01384   0.01125
   198/224     11.1G   0.01994  0.009272 0.0006397   0.02986       130       640     0.963    0.9671    0.9661     0.697   0.02945   0.01377   0.01114
   199/224     11.1G   0.02011  0.008689 0.0006543   0.02946       101       640    0.9704    0.9633    0.9646    0.7075    0.0291   0.01376   0.01068
   200/224     11.1G   0.01973  0.008872 0.0005912    0.0292       121       640    0.9714    0.9609    0.9658    0.7101   0.02898   0.01343   0.01083
   201/224     11.1G   0.02042  0.008811  0.000575   0.02981        87       640    0.9745    0.9617    0.9663    0.7057   0.02975   0.01364   0.01143
   202/224     11.1G   0.01978  0.008974 0.0005385   0.02929       116       640    0.9727    0.9682    0.9666    0.6956   0.02981   0.01376   0.01149
   203/224     11.1G   0.01988  0.008915 0.0005804   0.02938       158       640    0.9722    0.9658    0.9671    0.6932   0.03017   0.01383   0.01171
   204/224     11.1G   0.01986  0.008726 0.0005759   0.02916       146       640    0.9709    0.9645    0.9674    0.6994   0.02968   0.01367   0.01127
   205/224     11.1G   0.02011  0.009256 0.0005323    0.0299       162       640    0.9662    0.9632    0.9694     0.702   0.02952   0.01356   0.01111
   206/224     11.1G   0.01998  0.009185 0.0006491   0.02982       142       640    0.9703    0.9632    0.9705    0.7002   0.02942   0.01382   0.01101
   207/224     11.1G   0.02007  0.009168 0.0007125   0.02995        67       640    0.9634    0.9671    0.9688    0.7004   0.02917   0.01378   0.01104
   208/224     11.1G   0.02032  0.009374 0.0007119    0.0304       139       640    0.9713    0.9671    0.9689    0.7004   0.02893   0.01355   0.01094
   209/224     11.1G   0.02017  0.008846 0.0005821    0.0296        75       640    0.9719    0.9689    0.9718    0.7027   0.02897    0.0137   0.01096
   210/224     11.1G   0.02004  0.009298  0.000624   0.02997       112       640    0.9675    0.9671    0.9713    0.6891   0.02886   0.01374   0.01066
   211/224     11.1G   0.02009   0.00895 0.0005919   0.02963       132       640    0.9699    0.9671     0.969    0.6956   0.02825   0.01355   0.01032
   212/224     11.1G    0.0202  0.008972 0.0005874   0.02976        76       640    0.9711    0.9671    0.9661    0.6987   0.02792    0.0136   0.01034
   213/224     11.1G   0.01966   0.00892 0.0005531   0.02913       159       640    0.9698    0.9671    0.9669    0.6985   0.02856   0.01378   0.01074
   214/224     11.1G   0.01995  0.009064 0.0006467   0.02967       105       640    0.9728    0.9658    0.9663    0.6948   0.02865   0.01369    0.0109
   215/224     11.1G   0.01943  0.008861 0.0005644   0.02886       152       640    0.9711     0.967    0.9665       0.7   0.02853   0.01351   0.01071
   216/224     11.1G   0.01981  0.008788 0.0005423   0.02914       117       640    0.9651    0.9668    0.9686    0.6935   0.02874   0.01362   0.01082
   217/224     11.1G   0.01985  0.009019 0.0005887   0.02946       126       640    0.9719    0.9685    0.9697    0.7021   0.02869   0.01364   0.01082
   218/224     11.1G   0.02006  0.009105 0.0005433   0.02971       125       640    0.9692    0.9685    0.9697    0.7026   0.02899   0.01366   0.01107
   219/224     11.1G    0.0199  0.009126 0.0005449   0.02958       120       640    0.9683    0.9658    0.9695    0.7059   0.02906   0.01361   0.01127
   220/224     11.1G   0.01982  0.009005 0.0004722   0.02929       163       640    0.9663    0.9691    0.9682    0.7026   0.02938   0.01356   0.01137
   221/224     11.1G   0.01939  0.008677 0.0005483   0.02861        94       640    0.9599    0.9737    0.9677    0.7089   0.02931   0.01355   0.01159
   222/224     11.1G   0.01986  0.008713 0.0006566   0.02923       102       640    0.9665    0.9681    0.9685    0.7014    0.0298   0.01378   0.01183
   223/224     11.1G   0.01975  0.008657 0.0005754   0.02898        82       640    0.9685    0.9645    0.9677    0.6994   0.02971   0.01367    0.0119
   224/224     11.1G   0.01941  0.009063 0.0005323   0.02901       134       640    0.9672    0.9657    0.9665    0.7004   0.02969   0.01366   0.01211
